75000,10,1,0
75000,11,2,0
75000,12,3,0
75000,13,4,0
75000,14,5,0
75000,15,6,0
75000,16,7,0
75000,17,8,0
75000,18,9,0
75000,19,10,0
75000,21,11,0
75000,22,12,0
75000,23,13,0
75000,24,14,0
75000,25,15,0
75000,26,16,0
75000,27,17,0
75000,28,18,0
75000,29,19,0
75000,30,20,0
75000,31,21,0
75000,32,22,0
75000,33,23,0
75000,34,24,0
75000,35,25,0
75000,36,26,0
75000,37,27,0
75000,38,28,0
75000,39,29,0
75000,40,30,0
75000,41,31,0
75000,42,32,0
75000,43,33,0
75000,44,34,0
75000,45,35,0
75000,46,36,0
75000,47,37,0
75000,48,38,0
75000,49,39,0
75000,50,40,0
75000,51,41,0
75000,52,42,0
75000,53,43,0
75000,1,44,0
75000,2,45,0
75000,3,46,0
75000,4,47,0
75000,5,48,0
75000,6,49,0
75000,9,51,1
76000,1,1,0
76000,2,2,0
76000,3,3,0
76000,200,4,0
76000,104,5,0
76000,105,6,0
76000,106,7,0
76000,201,8,0
76000,300,9,0
76000,301,10,0
76000,302,11,0
76000,303,12,0
76000,304,13,0
76000,220,14,0
76000,305,15,0
76000,312,16,0
76000,211,17,0
76000,212,18,0
76000,213,19,0
76000,214,20,0
76000,215,21,0
76000,216,22,0
76000,217,23,0
76000,218,24,0
76000,313,25,0
76000,314,26,0
76000,315,27,0
76000,316,28,0
76000,317,29,0
76000,318,30,0
76000,319,31,0
76000,320,32,0
76000,226,33,0
76000,227,34,0
76000,46,35,0
76000,47,36,0
76000,228,37,1
77000,401,1,0
77000,8,2,0
77000,400,3,0
77000,30,4,0
77000,144,5,0
77000,145,6,0
77000,53,7,0
77000,1,8,0
77000,2,9,0
77000,500,10,0
77000,501,11,0
77000,502,12,0
77000,503,13,0
77000,202,14,0
77000,203,15,0
77000,406,16,0
77000,504,17,0
77000,505,18,0
77000,506,19,0
77000,402,20,1
