101,100033,1,0
101,100024,2,0
101,100025,3,0
101,100028,4,0
101,100029,5,0
101,100023,6,0
101,100018,7,0
101,100017,8,0
101,100016,9,0
101,100015,10,0
101,100014,11,0
101,100012,12,0
101,100011,13,0
101,100010,14,0
101,100008,15,0
101,100030,16,0
101,100006,17,0
101,100031,18,0
101,100032,19,0
101,100001,20,1
102,100001,1,0
102,100002,2,0
102,100003,3,0
102,100004,4,0
102,100005,5,0
102,100006,6,0
102,100007,7,0
102,100008,8,0
102,100009,9,0
102,100010,10,0
102,100011,11,0
102,100012,12,0
102,100014,13,0
102,100015,14,0
102,100016,15,0
102,100017,16,0
102,100018,17,0
102,100023,18,0
102,100026,19,0
102,100034,20,0
102,100021,21,0
102,100022,22,0
102,100033,23,1
